Old	New	ln_Old	ln_New	sqrt_Old	New/sqrt(Old)
2	1	0,6931	0,0000	1,41	0,7071
3	2	1,0986	0,6931	1,73	1,1547
4	2	1,3863	0,6931	2,00	1,0000
5	2	1,6094	0,6931	2,24	0,8944
6	3	1,7918	1,0986	2,45	1,2247
7	3	1,9459	1,0986	2,65	1,1339
8	3	2,0794	1,0986	2,83	1,0607
9	3	2,1972	1,0986	3,00	1,0000
10	4	2,3026	1,3863	3,16	1,2649
11	4	2,3979	1,3863	3,32	1,2060
14	4	2,6391	1,3863	3,74	1,0690
17	5	2,8332	1,6094	4,12	1,2127
20	5	2,9957	1,6094	4,47	1,1180
26	6	3,2581	1,7918	5,10	1,1767
30	6	3,4012	1,7918	5,48	1,0954
34	7	3,5264	1,9459	5,83	1,2005
40	8	3,6889	2,0794	6,32	1,2649
47	8	3,8501	2,0794	6,86	1,1669
55	9	4,0073	2,1972	7,42	1,2136
67	10	4,2047	2,3026	8,19	1,2217
68	10	4,2195	2,3026	8,25	1,2127
72	11	4,2767	2,3979	8,49	1,2964
76	11	4,3307	2,3979	8,72	1,2618
79	11	4,3694	2,3979	8,89	1,2376
80	11	4,3820	2,3979	8,94	1,2298
85	12	4,4427	2,4849	9,22	1,3016
89	12	4,4886	2,4849	9,43	1,2720
98	12	4,5850	2,4849	9,90	1,2122
100	13	4,6052	2,5649	10,00	1,3000
102	13	4,6250	2,5649	10,10	1,2872
105	13	4,6540	2,5649	10,25	1,2687
107	13	4,6728	2,5649	10,34	1,2568
115	14	4,7449	2,6391	10,72	1,3055
120	14	4,7875	2,6391	10,95	1,2780
126	14	4,8363	2,6391	11,22	1,2472
128	14	4,8520	2,6391	11,31	1,2374
134	15	4,8978	2,7081	11,58	1,2958
148	16	4,9972	2,7726	12,17	1,3152
150	16	5,0106	2,7726	12,25	1,3064
154	16	5,0370	2,7726	12,41	1,2893
161	16	5,0814	2,7726	12,69	1,2610
170	17	5,1358	2,8332	13,04	1,3038
178	17	5,1818	2,8332	13,34	1,2742
181	17	5,1985	2,8332	13,45	1,2636
187	18	5,2311	2,8904	13,67	1,3163
189	18	5,2417	2,8904	13,75	1,3093
191	18	5,2523	2,8904	13,82	1,3024
195	18	5,2730	2,8904	13,96	1,2890
200	18	5,2983	2,8904	14,14	1,2728
204	19	5,3181	2,9444	14,28	1,3303
207	19	5,3327	2,9444	14,39	1,3206
210	19	5,3471	2,9444	14,49	1,3111
212	19	5,3566	2,9444	14,56	1,3049
216	19	5,3753	2,9444	14,70	1,2928
220	19	5,3936	2,9444	14,83	1,2810
223	20	5,4072	2,9957	14,93	1,3393
225	20	5,4161	2,9957	15,00	1,3333
229	20	5,4337	2,9957	15,13	1,3216
230	20	5,4381	2,9957	15,17	1,3188
235	20	5,4596	2,9957	15,33	1,3047
238	20	5,4723	2,9957	15,43	1,2964
240	20	5,4806	2,9957	15,49	1,2910
242	20	5,4889	2,9957	15,56	1,2856
244	21	5,4972	3,0445	15,62	1,3444
246	21	5,5053	3,0445	15,68	1,3389
249	21	5,5175	3,0445	15,78	1,3308
250	21	5,5215	3,0445	15,81	1,3282
251	21	5,5255	3,0445	15,84	1,3255
254	21	5,5373	3,0445	15,94	1,3177
255	21	5,5413	3,0445	15,97	1,3151
262	21	5,5683	3,0445	16,19	1,2974
270	22	5,5984	3,0910	16,43	1,3389
280	22	5,6348	3,0910	16,73	1,3148
285	22	5,6525	3,0910	16,88	1,3032
289	23	5,6664	3,1355	17,00	1,3529
290	23	5,6699	3,1355	17,03	1,3506
295	23	5,6870	3,1355	17,18	1,3391
298	23	5,6971	3,1355	17,26	1,3324
299	23	5,7004	3,1355	17,29	1,3301
300	23	5,7038	3,1355	17,32	1,3279
302	23	5,7104	3,1355	17,38	1,3235
306	23	5,7236	3,1355	17,49	1,3148
319	24	5,7652	3,1781	17,86	1,3437
332	24	5,8051	3,1781	18,22	1,3172
334	24	5,8111	3,1781	18,28	1,3132
335	24	5,8141	3,1781	18,30	1,3113
340	25	5,8289	3,2189	18,44	1,3558
344	25	5,8406	3,2189	18,55	1,3479
350	25	5,8579	3,2189	18,71	1,3363
355	25	5,8721	3,2189	18,84	1,3269
357	25	5,8777	3,2189	18,89	1,3231
360	25	5,8861	3,2189	18,97	1,3176
361	26	5,8889	3,2581	19,00	1,3684
366	26	5,9026	3,2581	19,13	1,3590
374	26	5,9243	3,2581	19,34	1,3444
375	26	5,9269	3,2581	19,36	1,3426
378	26	5,9349	3,2581	19,44	1,3373
382	26	5,9454	3,2581	19,54	1,3303
387	26	5,9584	3,2581	19,67	1,3217
390	27	5,9661	3,2958	19,75	1,3672
395	27	5,9789	3,2958	19,87	1,3585
400	27	5,9915	3,2958	20,00	1,3500
404	27	6,0014	3,2958	20,10	1,3433
405	27	6,0039	3,2958	20,12	1,3416
408	27	6,0113	3,2958	20,20	1,3367
420	28	6,0403	3,3322	20,49	1,3663
425	28	6,0521	3,3322	20,62	1,3582
429	28	6,0615	3,3322	20,71	1,3519
430	28	6,0638	3,3322	20,74	1,3503
433	28	6,0707	3,3322	20,81	1,3456
434	28	6,0730	3,3322	20,83	1,3440
440	28	6,0868	3,3322	20,98	1,3348
442	29	6,0913	3,3673	21,02	1,3794
445	29	6,0981	3,3673	21,10	1,3747
450	29	6,1092	3,3673	21,21	1,3671
455	29	6,1203	3,3673	21,33	1,3595
463	29	6,1377	3,3673	21,52	1,3477
465	29	6,1420	3,3673	21,56	1,3448
468	29	6,1485	3,3673	21,63	1,3405
470	29	6,1527	3,3673	21,68	1,3377
472	30	6,1570	3,4012	21,73	1,3809
475	30	6,1633	3,4012	21,79	1,3765
480	30	6,1738	3,4012	21,91	1,3693
484	30	6,1821	3,4012	22,00	1,3636
497	30	6,2086	3,4012	22,29	1,3457
500	31	6,2146	3,4340	22,36	1,3864
502	31	6,2186	3,4340	22,41	1,3836
505	31	6,2246	3,4340	22,47	1,3795
506	31	6,2265	3,4340	22,49	1,3781
509	31	6,2324	3,4340	22,56	1,3741
510	31	6,2344	3,4340	22,58	1,3727
514	31	6,2422	3,4340	22,67	1,3674
518	31	6,2500	3,4340	22,76	1,3621
520	31	6,2538	3,4340	22,80	1,3594
523	31	6,2596	3,4340	22,87	1,3555
531	32	6,2748	3,4657	23,04	1,3887
535	32	6,2823	3,4657	23,13	1,3835
544	32	6,2989	3,4657	23,32	1,3720
545	32	6,3008	3,4657	23,35	1,3707
548	32	6,3063	3,4657	23,41	1,3670
550	32	6,3099	3,4657	23,45	1,3645
555	32	6,3190	3,4657	23,56	1,3583
561	33	6,3297	3,4965	23,69	1,3933
565	33	6,3368	3,4965	23,77	1,3883
570	33	6,3456	3,4965	23,87	1,3822
585	33	6,3716	3,4965	24,19	1,3644
590	33	6,3801	3,4965	24,29	1,3586
595	34	6,3886	3,5264	24,39	1,3939
599	34	6,3953	3,5264	24,47	1,3892
600	34	6,3969	3,5264	24,49	1,3880
605	34	6,4052	3,5264	24,60	1,3823
610	34	6,4135	3,5264	24,70	1,3766
615	34	6,4216	3,5264	24,80	1,3710
625	34	6,4378	3,5264	25,00	1,3600
629	35	6,4441	3,5553	25,08	1,3955
638	35	6,4583	3,5553	25,26	1,3857
640	35	6,4615	3,5553	25,30	1,3835
645	35	6,4693	3,5553	25,40	1,3781
650	35	6,4770	3,5553	25,50	1,3728
660	36	6,4922	3,5835	25,69	1,4013
663	36	6,4968	3,5835	25,75	1,3981
665	36	6,4998	3,5835	25,79	1,3960
680	36	6,5221	3,5835	26,08	1,3805
701	37	6,5525	3,6109	26,48	1,3975
705	37	6,5582	3,6109	26,55	1,3935
706	37	6,5596	3,6109	26,57	1,3925
710	37	6,5653	3,6109	26,65	1,3886
714	37	6,5709	3,6109	26,72	1,3847
727	37	6,5889	3,6109	26,96	1,3723
731	38	6,5944	3,6376	27,04	1,4055
740	38	6,6067	3,6376	27,20	1,3969
748	38	6,6174	3,6376	27,35	1,3894
750	38	6,6201	3,6376	27,39	1,3876
752	38	6,6227	3,6376	27,42	1,3857
761	38	6,6346	3,6376	27,59	1,3775
765	39	6,6399	3,6636	27,66	1,4100
774	39	6,6516	3,6636	27,82	1,4018
778	39	6,6567	3,6636	27,89	1,3982
780	39	6,6593	3,6636	27,93	1,3964
790	39	6,6720	3,6636	28,11	1,3876
795	39	6,6783	3,6636	28,20	1,3832
800	40	6,6846	3,6889	28,28	1,4142
808	40	6,6946	3,6889	28,43	1,4072
825	40	6,7154	3,6889	28,72	1,3926
830	40	6,7214	3,6889	28,81	1,3884
835	40	6,7274	3,6889	28,90	1,3843
840	41	6,7334	3,7136	28,98	1,4146
850	41	6,7452	3,7136	29,15	1,4063
854	41	6,7499	3,7136	29,22	1,4030
855	41	6,7511	3,7136	29,24	1,4022
860	41	6,7569	3,7136	29,33	1,3981
863	41	6,7604	3,7136	29,38	1,3957
867	41	6,7650	3,7136	29,44	1,3924
870	41	6,7685	3,7136	29,50	1,3900
871	41	6,7696	3,7136	29,51	1,3892
880	42	6,7799	3,7377	29,66	1,4158
885	42	6,7856	3,7377	29,75	1,4118
888	42	6,7890	3,7377	29,80	1,4094
892	42	6,7935	3,7377	29,87	1,4063
895	42	6,7968	3,7377	29,92	1,4039
900	42	6,8024	3,7377	30,00	1,4000
901	42	6,8035	3,7377	30,02	1,3992
905	42	6,8079	3,7377	30,08	1,3961
910	42	6,8134	3,7377	30,17	1,3923
914	43	6,8178	3,7612	30,23	1,4223
915	43	6,8189	3,7612	30,25	1,4215
918	43	6,8222	3,7612	30,30	1,4192
926	43	6,8309	3,7612	30,43	1,4131
930	43	6,8352	3,7612	30,50	1,4100
931	43	6,8363	3,7612	30,51	1,4093
935	43	6,8405	3,7612	30,58	1,4063
939	43	6,8448	3,7612	30,64	1,4033
944	43	6,8501	3,7612	30,72	1,3995
948	43	6,8544	3,7612	30,79	1,3966
950	43	6,8565	3,7612	30,82	1,3951
960	44	6,8669	3,7842	30,98	1,4201
964	44	6,8711	3,7842	31,05	1,4171
969	44	6,8763	3,7842	31,13	1,4135
978	44	6,8855	3,7842	31,27	1,4070
990	44	6,8977	3,7842	31,46	1,3984
1000	45	6,9078	3,8067	31,62	1,4230
1003	45	6,9108	3,8067	31,67	1,4209
1005	45	6,9127	3,8067	31,70	1,4195
1015	45	6,9226	3,8067	31,86	1,4125
1020	45	6,9276	3,8067	31,94	1,4090
1025	45	6,9324	3,8067	32,02	1,4056
1028	45	6,9354	3,8067	32,06	1,4035
1035	46	6,9422	3,8286	32,17	1,4298
1045	46	6,9518	3,8286	32,33	1,4230
1050	46	6,9565	3,8286	32,40	1,4196
1060	46	6,9660	3,8286	32,56	1,4129
1062	46	6,9679	3,8286	32,59	1,4115
1065	46	6,9707	3,8286	32,63	1,4096
1075	46	6,9801	3,8286	32,79	1,4030
1080	47	6,9847	3,8501	32,86	1,4302
1084	47	6,9884	3,8501	32,92	1,4275
1088	47	6,9921	3,8501	32,98	1,4249
1090	47	6,9939	3,8501	33,02	1,4236
1095	47	6,9985	3,8501	33,09	1,4203
1100	47	7,0031	3,8501	33,17	1,4171
1105	47	7,0076	3,8501	33,24	1,4139
1110	47	7,0121	3,8501	33,32	1,4107
1115	47	7,0166	3,8501	33,39	1,4075
1118	47	7,0193	3,8501	33,44	1,4056
1122	48	7,0229	3,8712	33,50	1,4330
1130	48	7,0300	3,8712	33,62	1,4279
1135	48	7,0344	3,8712	33,69	1,4248
1139	48	7,0379	3,8712	33,75	1,4223
1140	48	7,0388	3,8712	33,76	1,4216
1148	48	7,0458	3,8712	33,88	1,4167
1150	48	7,0475	3,8712	33,91	1,4154
1152	48	7,0493	3,8712	33,94	1,4142
1164	49	7,0596	3,8918	34,12	1,4362
1165	49	7,0605	3,8918	34,13	1,4356
1173	49	7,0673	3,8918	34,25	1,4307
1180	49	7,0733	3,8918	34,35	1,4264
1182	49	7,0750	3,8918	34,38	1,4252
1190	49	7,0817	3,8918	34,50	1,4204
1200	49	7,0901	3,8918	34,64	1,4145
1210	50	7,0984	3,9120	34,79	1,4374
1211	50	7,0992	3,9120	34,80	1,4368
1232	50	7,1164	3,9120	35,10	1,4245
1250	51	7,1309	3,9318	35,36	1,4425
1262	51	7,1405	3,9318	35,52	1,4356
1265	51	7,1428	3,9318	35,57	1,4339
1266	51	7,1436	3,9318	35,58	1,4334
1275	51	7,1507	3,9318	35,71	1,4283
1280	51	7,1546	3,9318	35,78	1,4255
1284	51	7,1577	3,9318	35,83	1,4233
1300	52	7,1701	3,9512	36,06	1,4422
1313	52	7,1801	3,9512	36,24	1,4351
1315	52	7,1816	3,9512	36,26	1,4340
1318	52	7,1839	3,9512	36,30	1,4323
1320	52	7,1854	3,9512	36,33	1,4313
1326	52	7,1899	3,9512	36,41	1,4280
1330	52	7,1929	3,9512	36,47	1,4259
1334	5	7,1959	1,6094	36,52	0,1369
1334	7	7,1959	1,9459	36,52	0,1917
1335	52	7,1967	3,9512	36,54	1,4232
1339	52	7,1997	3,9512	36,59	1,4211
1340	52	7,2004	3,9512	36,61	1,4205
1347	5	7,2056	1,6094	36,70	0,1362
1347	53	7,2056	3,9703	36,70	1,4441
1350	53	7,2079	3,9703	36,74	1,4425
1355	53	7,2116	3,9703	36,81	1,4398
1360	53	7,2152	3,9703	36,88	1,4372
1364	53	7,2182	3,9703	36,93	1,4351
1370	53	7,2226	3,9703	37,01	1,4319
1380	53	7,2298	3,9703	37,15	1,4267
1390	54	7,2371	3,9890	37,28	1,4484
1398	54	7,2428	3,9890	37,39	1,4442
1400	54	7,2442	3,9890	37,42	1,4432
1402	54	7,2457	3,9890	37,44	1,4422
1424	54	7,2612	3,9890	37,74	1,4310
1425	54	7,2619	3,9890	37,75	1,4305
1436	5	7,2696	1,6094	37,89	0,1319
1436	55	7,2696	4,0073	37,89	1,4514
1449	55	7,2786	4,0073	38,07	1,4449
1450	55	7,2793	4,0073	38,08	1,4444
1454	55	7,2821	4,0073	38,13	1,4424
1458	55	7,2848	4,0073	38,18	1,4404
1466	55	7,2903	4,0073	38,29	1,4365
1485	56	7,3032	4,0254	38,54	1,4532
1490	56	7,3065	4,0254	38,60	1,4508
1492	56	7,3079	4,0254	38,63	1,4498
1500	56	7,3132	4,0254	38,73	1,4459
1504	56	7,3159	4,0254	38,78	1,4440
1509	56	7,3192	4,0254	38,85	1,4416
1510	56	7,3199	4,0254	38,86	1,4411
1522	56	7,3278	4,0254	39,01	1,4354
1526	56	7,3304	4,0254	39,06	1,4335
1530	56	7,3330	4,0254	39,12	1,4317
1545	57	7,3428	4,0431	39,31	1,4501
1550	57	7,3460	4,0431	39,37	1,4478
1560	57	7,3524	4,0431	39,50	1,4432
1564	57	7,3550	4,0431	39,55	1,4413
1565	57	7,3556	4,0431	39,56	1,4408
1570	7	7,3588	1,9459	39,62	0,1767
1575	57	7,3620	4,0431	39,69	1,4363
1585	8	7,3683	2,0794	39,81	0,2009
1585	58	7,3683	4,0604	39,81	1,4568
1594	58	7,3740	4,0604	39,92	1,4527
1600	58	7,3778	4,0604	40,00	1,4500
1605	58	7,3809	4,0604	40,06	1,4477
1611	58	7,3846	4,0604	40,14	1,4450
1615	58	7,3871	4,0604	40,19	1,4433
1624	58	7,3926	4,0604	40,30	1,4392
1645	59	7,4055	4,0775	40,56	1,4547
1650	59	7,4085	4,0775	40,62	1,4525
1653	59	7,4103	4,0775	40,66	1,4512
1658	59	7,4134	4,0775	40,72	1,4490
1662	59	7,4158	4,0775	40,77	1,4472
1675	59	7,4236	4,0775	40,93	1,4416
1683	59	7,4283	4,0775	41,02	1,4382
1690	60	7,4325	4,0943	41,11	1,4595
1690	6	7,4325	1,7918	41,11	0,1460
1700	60	7,4384	4,0943	41,23	1,4552
1705	60	7,4413	4,0943	41,29	1,4531
1710	60	7,4442	4,0943	41,35	1,4510
1715	60	7,4472	4,0943	41,41	1,4488
1725	60	7,4530	4,0943	41,53	1,4446
1738	61	7,4605	4,1109	41,69	1,4632
1755	61	7,4702	4,1109	41,89	1,4561
1760	61	7,4731	4,1109	41,95	1,4540
1770	61	7,4787	4,1109	42,07	1,4499
1775	61	7,4816	4,1109	42,13	1,4479
1785	61	7,4872	4,1109	42,25	1,4438
1790	62	7,4900	4,1271	42,31	1,4654
1795	62	7,4928	4,1271	42,37	1,4634
1800	62	7,4955	4,1271	42,43	1,4614
1810	62	7,5011	4,1271	42,54	1,4573
1819	62	7,5060	4,1271	42,65	1,4537
1828	62	7,5110	4,1271	42,76	1,4501
1840	62	7,5175	4,1271	42,90	1,4454
1870	63	7,5337	4,1431	43,24	1,4569
1875	63	7,5364	4,1431	43,30	1,4549
1895	63	7,5470	4,1431	43,53	1,4472
1896	64	7,5475	4,1589	43,54	1,4698
1900	64	7,5496	4,1589	43,59	1,4683
1908	64	7,5538	4,1589	43,68	1,4652
1910	64	7,5549	4,1589	43,70	1,4644
1912	64	7,5559	4,1589	43,73	1,4636
1945	64	7,5730	4,1589	44,10	1,4512
1950	64	7,5756	4,1589	44,16	1,4493
1955	65	7,5781	4,1744	44,22	1,4701
1968	65	7,5848	4,1744	44,36	1,4652
1976	65	7,5888	4,1744	44,45	1,4622
1980	65	7,5909	4,1744	44,50	1,4608
2000	65	7,6009	4,1744	44,72	1,4534
2010	66	7,6059	4,1897	44,83	1,4721
2014	66	7,6079	4,1897	44,88	1,4707
2040	66	7,6207	4,1897	45,17	1,4613
2045	66	7,6232	4,1897	45,22	1,4595
2048	66	7,6246	4,1897	45,25	1,4584
2057	66	7,6290	4,1897	45,35	1,4552
2066	67	7,6334	4,2047	45,45	1,4740
2070	67	7,6353	4,2047	45,50	1,4726
2074	67	7,6372	4,2047	45,54	1,4712
2082	67	7,6411	4,2047	45,63	1,4684
2091	67	7,6454	4,2047	45,73	1,4652
2100	67	7,6497	4,2047	45,83	1,4621
2125	68	7,6615	4,2195	46,10	1,4751
2130	68	7,6639	4,2195	46,15	1,4734
2140	68	7,6686	4,2195	46,26	1,4699
2150	68	7,6732	4,2195	46,37	1,4665
2200	69	7,6962	4,2341	46,90	1,4711
2230	69	7,7098	4,2341	47,22	1,4612
2245	70	7,7165	4,2485	47,38	1,4774
2250	70	7,7187	4,2485	47,43	1,4757
2295	71	7,7385	4,2627	47,91	1,4821
2315	71	7,7472	4,2627	48,11	1,4756
2325	71	7,7515	4,2627	48,22	1,4725
2329	71	7,7532	4,2627	48,26	1,4712
2359	72	7,7660	4,2767	48,57	1,4824
2365	72	7,7685	4,2767	48,63	1,4805
2370	72	7,7706	4,2767	48,68	1,4790
2400	72	7,7832	4,2767	48,99	1,4697
2410	72	7,7874	4,2767	49,09	1,4666
2414	73	7,7890	4,2905	49,13	1,4858
2420	73	7,7915	4,2905	49,19	1,4839
2430	73	7,7956	4,2905	49,30	1,4809
2440	73	7,7998	4,2905	49,40	1,4778
2450	73	7,8038	4,2905	49,50	1,4748
2460	73	7,8079	4,2905	49,60	1,4718
2469	73	7,8116	4,2905	49,69	1,4691
2470	73	7,8120	4,2905	49,70	1,4688
2500	74	7,8240	4,3041	50,00	1,4800
2512	74	7,8288	4,3041	50,12	1,4765
2516	74	7,8304	4,3041	50,16	1,4753
2537	75	7,8387	4,3175	50,37	1,4890
2550	75	7,8438	4,3175	50,50	1,4852
2558	75	7,8470	4,3175	50,58	1,4829
2576	75	7,8540	4,3175	50,75	1,4777
2605	76	7,8652	4,3307	51,04	1,4891
2610	76	7,8671	4,3307	51,09	1,4876
2656	76	7,8846	4,3307	51,54	1,4747
2700	77	7,9010	4,3438	51,96	1,4819
2740	78	7,9157	4,3567	52,35	1,4901
2775	78	7,9284	4,3567	52,68	1,4807
2800	79	7,9374	4,3694	52,92	1,4930
2805	79	7,9392	4,3694	52,96	1,4916
2840	79	7,9516	4,3694	53,29	1,4824
2877	80	7,9645	4,3820	53,64	1,4915
2903	80	7,9735	4,3820	53,88	1,4848
2905	80	7,9742	4,3820	53,90	1,4843
2928	81	7,9821	4,3944	54,11	1,4969
2955	81	7,9913	4,3944	54,36	1,4901
2960	81	7,9929	4,3944	54,41	1,4888
2975	81	7,9980	4,3944	54,54	1,4851
2985	82	8,0014	4,4067	54,64	1,5009
2996	82	8,0050	4,4067	54,74	1,4981
3000	82	8,0064	4,4067	54,77	1,4971
3010	82	8,0097	4,4067	54,86	1,4946
3030	82	8,0163	4,4067	55,05	1,4897
3060	83	8,0262	4,4188	55,32	1,5004
3065	83	8,0278	4,4188	55,36	1,4992
3070	83	8,0294	4,4188	55,41	1,4980
3081	83	8,0330	4,4188	55,51	1,4953
3125	84	8,0472	4,4308	55,90	1,5026
3149	84	8,0548	4,4308	56,12	1,4969
3200	85	8,0709	4,4427	56,57	1,5026
3226	85	8,0790	4,4427	56,80	1,4965
3228	85	8,0796	4,4427	56,82	1,4961
3300	86	8,1017	4,4543	57,45	1,4971
3336	87	8,1125	4,4659	57,76	1,5063
3385	87	8,1271	4,4659	58,18	1,4953
3400	88	8,1315	4,4773	58,31	1,5092
3415	88	8,1359	4,4773	58,44	1,5059
3442	88	8,1438	4,4773	58,67	1,5000
3445	88	8,1447	4,4773	58,69	1,4993
3468	89	8,1513	4,4886	58,89	1,5113
3485	89	8,1562	4,4886	59,03	1,5076
3500	89	8,1605	4,4886	59,16	1,5044
3525	89	8,1676	4,4886	59,37	1,4990
3570	90	8,1803	4,4998	59,75	1,5063
3574	90	8,1814	4,4998	59,78	1,5054
3600	90	8,1887	4,4998	60,00	1,5000
3625	91	8,1956	4,5109	60,21	1,5114
3634	91	8,1981	4,5109	60,28	1,5096
3655	91	8,2039	4,5109	60,46	1,5052
3659	91	8,2049	4,5109	60,49	1,5044
3705	92	8,2174	4,5218	60,87	1,5114
3727	92	8,2234	4,5218	61,05	1,5070
3732	92	8,2247	4,5218	61,09	1,5060
3740	92	8,2268	4,5218	61,16	1,5044
3795	93	8,2414	4,5326	61,60	1,5097
3798	93	8,2422	4,5326	61,63	1,5091
3825	93	8,2493	4,5326	61,85	1,5037
3893	94	8,2669	4,5433	62,39	1,5066
3906	95	8,2703	4,5539	62,50	1,5200
3925	95	8,2751	4,5539	62,65	1,5164
3986	96	8,2905	4,5643	63,13	1,5206
4000	96	8,2940	4,5643	63,25	1,5179
4008	96	8,2960	4,5643	63,31	1,5164
4038	96	8,3035	4,5643	63,55	1,5107
4046	96	8,3055	4,5643	63,61	1,5092
4050	96	8,3065	4,5643	63,64	1,5085
4063	97	8,3097	4,5747	63,74	1,5218
4080	97	8,3139	4,5747	63,87	1,5186
4100	97	8,3187	4,5747	64,03	1,5149
4144	98	8,3294	4,5850	64,37	1,5224
4200	98	8,3428	4,5850	64,81	1,5122
4205	98	8,3440	4,5850	64,85	1,5113
4233	99	8,3507	4,5951	65,06	1,5216
4246	99	8,3537	4,5951	65,16	1,5193
4250	99	8,3547	4,5951	65,19	1,5186
4275	99	8,3605	4,5951	65,38	1,5141
4289	99	8,3638	4,5951	65,49	1,5117
4300	100	8,3664	4,6052	65,57	1,5250
4305	100	8,3675	4,6052	65,61	1,5241
4314	100	8,3696	4,6052	65,68	1,5225
4339	100	8,3754	4,6052	65,87	1,5181
4352	100	8,3784	4,6052	65,97	1,5158
4385	101	8,3859	4,6151	66,22	1,5252
4390	101	8,3871	4,6151	66,26	1,5244
4400	101	8,3894	4,6151	66,33	1,5226
4412	101	8,3921	4,6151	66,42	1,5206
4420	101	8,3939	4,6151	66,48	1,5192
4446	101	8,3998	4,6151	66,68	1,5147
4458	102	8,4025	4,6250	66,77	1,5277
4475	102	8,4063	4,6250	66,90	1,5248
4500	102	8,4118	4,6250	67,08	1,5205
4580	103	8,4295	4,6347	67,68	1,5220
4590	103	8,4316	4,6347	67,75	1,5203
4595	103	8,4327	4,6347	67,79	1,5195
4690	105	8,4532	4,6540	68,48	1,5332
4709	105	8,4572	4,6540	68,62	1,5301
4715	105	8,4585	4,6540	68,67	1,5291
4750	105	8,4659	4,6540	68,92	1,5235
4756	105	8,4672	4,6540	68,96	1,5225
4760	105	8,4680	4,6540	68,99	1,5219
4780	106	8,4722	4,6634	69,14	1,5332
4798	106	8,4760	4,6634	69,27	1,5303
4800	106	8,4764	4,6634	69,28	1,5300
4804	106	8,4772	4,6634	69,31	1,5293
4820	106	8,4805	4,6634	69,43	1,5268
4841	106	8,4849	4,6634	69,58	1,5235
4875	107	8,4919	4,6728	69,82	1,5325
4917	107	8,5005	4,6728	70,12	1,5259
4926	107	8,5023	4,6728	70,19	1,5245
4964	108	8,5100	4,6821	70,46	1,5329
4980	108	8,5132	4,6821	70,57	1,5304
4995	108	8,5162	4,6821	70,68	1,5281
5000	108	8,5172	4,6821	70,71	1,5274
5046	109	8,5264	4,6913	71,04	1,5345
5075	109	8,5321	4,6913	71,24	1,5301
5087	109	8,5344	4,6913	71,32	1,5283
5096	109	8,5362	4,6913	71,39	1,5269
5100	109	8,5370	4,6913	71,41	1,5263
5105	109	8,5380	4,6913	71,45	1,5256
5120	110	8,5409	4,7005	71,55	1,5373
5185	110	8,5535	4,7005	72,01	1,5276
5190	110	8,5545	4,7005	72,04	1,5269
5200	111	8,5564	4,7095	72,11	1,5393
5230	111	8,5622	4,7095	72,32	1,5349
5245	111	8,5650	4,7095	72,42	1,5327
5265	111	8,5688	4,7095	72,56	1,5298
5400	113	8,5942	4,7274	73,48	1,5377
5525	114	8,6170	4,7362	74,33	1,5337
5529	114	8,6178	4,7362	74,36	1,5331
5540	115	8,6197	4,7449	74,43	1,5451
5568	115	8,6248	4,7449	74,62	1,5412
5595	115	8,6296	4,7449	74,80	1,5374
5610	115	8,6323	4,7449	74,90	1,5354
5617	115	8,6336	4,7449	74,95	1,5344
5627	116	8,6353	4,7536	75,01	1,5464
5645	116	8,6385	4,7536	75,13	1,5439
5652	116	8,6398	4,7536	75,18	1,5430
5670	116	8,6429	4,7536	75,30	1,5405
5695	116	8,6473	4,7536	75,47	1,5371
5785	117	8,6630	4,7622	76,06	1,5383
5795	117	8,6648	4,7622	76,12	1,5369
5840	118	8,6725	4,7707	76,42	1,5441
5933	119	8,6883	4,7791	77,03	1,5449
5950	119	8,6911	4,7791	77,14	1,5427
5985	120	8,6970	4,7875	77,36	1,5511
5992	120	8,6982	4,7875	77,41	1,5502
5995	120	8,6987	4,7875	77,43	1,5498
5997	120	8,6990	4,7875	77,44	1,5496
6000	120	8,6995	4,7875	77,46	1,5492
6001	120	8,6997	4,7875	77,47	1,5491
6052	120	8,7081	4,7875	77,79	1,5425
6094	121	8,7151	4,7958	78,06	1,5500
6100	121	8,7160	4,7958	78,10	1,5492
6103	121	8,7165	4,7958	78,12	1,5489
6120	121	8,7193	4,7958	78,23	1,5467
6209	122	8,7338	4,8040	78,80	1,5483
6248	122	8,7400	4,8040	79,04	1,5434
6277	123	8,7446	4,8122	79,23	1,5525
6300	123	8,7483	4,8122	79,37	1,5497
6316	123	8,7508	4,8122	79,47	1,5477
6375	124	8,7601	4,8203	79,84	1,5530
6416	124	8,7666	4,8203	80,10	1,5481
6500	125	8,7796	4,8283	80,62	1,5504
6505	125	8,7803	4,8283	80,65	1,5498
6545	126	8,7865	4,8363	80,90	1,5575
6550	126	8,7872	4,8363	80,93	1,5569
6600	126	8,7948	4,8363	81,24	1,5510
6608	126	8,7960	4,8363	81,29	1,5500
6620	126	8,7979	4,8363	81,36	1,5486
6630	126	8,7994	4,8363	81,42	1,5474
6711	127	8,8115	4,8442	81,92	1,5503
6800	128	8,8247	4,8520	82,46	1,5522
6804	128	8,8253	4,8520	82,49	1,5518
6876	129	8,8358	4,8598	82,92	1,5557
6970	130	8,8494	4,8675	83,49	1,5571
6980	130	8,8508	4,8675	83,55	1,5560
7000	130	8,8537	4,8675	83,67	1,5538
7050	131	8,8608	4,8752	83,96	1,5602
7055	131	8,8615	4,8752	83,99	1,5596
7060	131	8,8622	4,8752	84,02	1,5591
7120	131	8,8707	4,8752	84,38	1,5525
7170	132	8,8777	4,8828	84,68	1,5589
7180	132	8,8791	4,8828	84,73	1,5578
7200	132	8,8818	4,8828	84,85	1,5556
7225	133	8,8853	4,8903	85,00	1,5647
7242	133	8,8877	4,8903	85,10	1,5629
7305	133	8,8963	4,8903	85,47	1,5561
7350	134	8,9025	4,8978	85,73	1,5630
7385	134	8,9072	4,8978	85,94	1,5593
7430	135	8,9133	4,9053	86,20	1,5662
7500	135	8,9227	4,9053	86,60	1,5588
7548	136	8,9290	4,9127	86,88	1,5654
7604	136	8,9364	4,9127	87,20	1,5596
7633	137	8,9402	4,9200	87,37	1,5681
7650	137	8,9425	4,9200	87,46	1,5664
7671	137	8,9452	4,9200	87,58	1,5642
7700	137	8,9490	4,9200	87,75	1,5613
7778	138	8,9591	4,9273	88,19	1,5648
7800	138	8,9619	4,9273	88,32	1,5625
7862	139	8,9698	4,9345	88,67	1,5676
7895	139	8,9740	4,9345	88,85	1,5644
7914	139	8,9764	4,9345	88,96	1,5625
7946	140	8,9804	4,9416	89,14	1,5706
8000	140	8,9872	4,9416	89,44	1,5652
8005	140	8,9878	4,9416	89,47	1,5648
8028	140	8,9907	4,9416	89,60	1,5625
8058	141	8,9944	4,9488	89,77	1,5707
8075	141	8,9965	4,9488	89,86	1,5691
8090	141	8,9984	4,9488	89,94	1,5676
8118	141	9,0018	4,9488	90,10	1,5649
8160	142	9,0070	4,9558	90,33	1,5720
8200	142	9,0119	4,9558	90,55	1,5681
8428	144	9,0393	4,9698	91,80	1,5686
8500	145	9,0478	4,9767	92,20	1,5727
8513	145	9,0493	4,9767	92,27	1,5715
8520	145	9,0502	4,9767	92,30	1,5709
8589	146	9,0582	4,9836	92,68	1,5754
8670	147	9,0676	4,9904	93,11	1,5787
8780	148	9,0802	4,9972	93,70	1,5795
8800	148	9,0825	4,9972	93,81	1,5777
8946	149	9,0990	5,0039	94,58	1,5753
8980	149	9,1028	5,0039	94,76	1,5723
9000	150	9,1050	5,0106	94,87	1,5811
9025	150	9,1078	5,0106	95,00	1,5789
9150	151	9,1215	5,0173	95,66	1,5786
9250	152	9,1324	5,0239	96,18	1,5804
9310	152	9,1388	5,0239	96,49	1,5753
9348	153	9,1429	5,0304	96,69	1,5825
9445	154	9,1532	5,0370	97,19	1,5846
9478	154	9,1567	5,0370	97,36	1,5818
9480	154	9,1569	5,0370	97,37	1,5817
9500	154	9,1590	5,0370	97,47	1,5800
9550	155	9,1643	5,0434	97,72	1,5861
9600	155	9,1695	5,0434	97,98	1,5820
9698	156	9,1797	5,0499	98,48	1,5841
9813	157	9,1915	5,0562	99,06	1,5849
9860	157	9,1962	5,0562	99,30	1,5811
9915	158	9,2018	5,0626	99,57	1,5868
9945	158	9,2048	5,0626	99,72	1,5844
9983	158	9,2086	5,0626	99,91	1,5813
9991	158	9,2094	5,0626	99,95	1,5807
10000	158	9,2103	5,0626	100,00	1,5800
10015	159	9,2118	5,0689	100,07	1,5888
10068	159	9,2171	5,0689	100,34	1,5846
10105	159	9,2208	5,0689	100,52	1,5817
10200	160	9,2301	5,0752	101,00	1,5842
10238	161	9,2339	5,0814	101,18	1,5912
10330	161	9,2428	5,0814	101,64	1,5841
10400	162	9,2496	5,0876	101,98	1,5885
10582	163	9,2669	5,0938	102,87	1,5845
10625	164	9,2710	5,0999	103,08	1,5910
10792	165	9,2866	5,1059	103,88	1,5883
10800	165	9,2873	5,1059	103,92	1,5877
11000	167	9,3057	5,1180	104,88	1,5923
11008	167	9,3064	5,1180	104,92	1,5917
11076	168	9,3125	5,1240	105,24	1,5963
11097	168	9,3144	5,1240	105,34	1,5948
11150	168	9,3192	5,1240	105,59	1,5910
11190	169	9,3228	5,1299	105,78	1,5976
11200	169	9,3237	5,1299	105,83	1,5969
11220	169	9,3255	5,1299	105,92	1,5955
11410	170	9,3422	5,1358	106,82	1,5915
11475	171	9,3479	5,1417	107,12	1,5963
11545	172	9,3540	5,1475	107,45	1,6008
11600	172	9,3588	5,1475	107,70	1,5970
11700	173	9,3673	5,1533	108,17	1,5994
11745	173	9,3712	5,1533	108,37	1,5963
11845	174	9,3797	5,1591	108,83	1,5988
12000	175	9,3927	5,1648	109,54	1,5975
12045	176	9,3964	5,1705	109,75	1,6036
12112	176	9,4020	5,1705	110,05	1,5992
12198	177	9,4090	5,1761	110,44	1,6026
12450	179	9,4295	5,1874	111,58	1,6042
12500	179	9,4335	5,1874	111,80	1,6010
12696	181	9,4490	5,1985	112,68	1,6064
12750	181	9,4533	5,1985	112,92	1,6030
12800	182	9,4572	5,2040	113,14	1,6087
12946	183	9,4685	5,2095	113,78	1,6084
12950	183	9,4689	5,2095	113,80	1,6081
13000	183	9,4727	5,2095	114,02	1,6050
13030	183	9,4750	5,2095	114,15	1,6032
13055	184	9,4769	5,2149	114,26	1,6104
13165	184	9,4853	5,2149	114,74	1,6036
13200	185	9,4880	5,2204	114,89	1,6102
13218	185	9,4893	5,2204	114,97	1,6091
13500	187	9,5104	5,2311	116,19	1,6094
13736	189	9,5278	5,2417	117,20	1,6126
13902	190	9,5398	5,2470	117,91	1,6114
14250	193	9,5645	5,2627	119,37	1,6168
14350	193	9,5715	5,2627	119,79	1,6111
15000	198	9,6158	5,2883	122,47	1,6167
15130	199	9,6244	5,2933	123,00	1,6178
15300	200	9,6356	5,2983	123,69	1,6169
15550	202	9,6518	5,3083	124,70	1,6199
15750	203	9,6646	5,3132	125,50	1,6175
15938	205	9,6765	5,3230	126,25	1,6238
16160	206	9,6903	5,3279	127,12	1,6205
16269	207	9,6970	5,3327	127,55	1,6229
16355	208	9,7023	5,3375	127,89	1,6264
16660	210	9,7208	5,3471	129,07	1,6270
17000	212	9,7410	5,3566	130,38	1,6260
17800	218	9,7870	5,3845	133,42	1,6340
18000	219	9,7981	5,3891	134,16	1,6323
18750	224	9,8389	5,4116	136,93	1,6359
19140	226	9,8595	5,4205	138,35	1,6336
19600	229	9,8833	5,4337	140,00	1,6357
19890	231	9,8980	5,4424	141,03	1,6379
20000	232	9,9035	5,4467	141,42	1,6405
20188	233	9,9128	5,4510	142,08	1,6399
20400	235	9,9233	5,4596	142,83	1,6453
21250	240	9,9641	5,4806	145,77	1,6464
21534	242	9,9774	5,4889	146,74	1,6491
21607	242	9,9808	5,4889	146,99	1,6463
22000	245	9,9988	5,5013	148,32	1,6518
22058	245	10,0014	5,5013	148,52	1,6496
22950	250	10,0411	5,5215	151,49	1,6502
23400	253	10,0605	5,5334	152,97	1,6539
23750	255	10,0753	5,5413	154,11	1,6547
24000	257	10,0858	5,5491	154,92	1,6589
24225	258	10,0951	5,5530	155,64	1,6576
24473	259	10,1053	5,5568	156,44	1,6556
24650	260	10,1125	5,5607	157,00	1,6560
24684	261	10,1139	5,5645	157,11	1,6612
24862	262	10,1211	5,5683	157,68	1,6616
24874	262	10,1216	5,5683	157,71	1,6612
25000	262	10,1266	5,5683	158,11	1,6570
25330	264	10,1397	5,5759	159,15	1,6588
25334	264	10,1399	5,5759	159,17	1,6586
25420	265	10,1433	5,5797	159,44	1,6621
25500	265	10,1464	5,5797	159,69	1,6595
25950	268	10,1639	5,5910	161,09	1,6637
26000	268	10,1659	5,5910	161,25	1,6621
26362	270	10,1797	5,5984	162,36	1,6629
27000	274	10,2036	5,6131	164,32	1,6675
27200	275	10,2110	5,6168	164,92	1,6674
27625	277	10,2265	5,6240	166,21	1,6666
27668	277	10,2280	5,6240	166,34	1,6653
28000	279	10,2400	5,6312	167,33	1,6673
28500	282	10,2577	5,6419	168,82	1,6704
28792	284	10,2679	5,6490	169,68	1,6737
29000	285	10,2751	5,6525	170,29	1,6736
29040	285	10,2764	5,6525	170,41	1,6724
29250	286	10,2836	5,6560	171,03	1,6723
29263	286	10,2841	5,6560	171,06	1,6719
29325	286	10,2862	5,6560	171,25	1,6701
29750	289	10,3006	5,6664	172,48	1,6755
29800	289	10,3023	5,6664	172,63	1,6741
30000	290	10,3090	5,6699	173,21	1,6743
30600	293	10,3288	5,6802	174,93	1,6750
31014	295	10,3422	5,6870	176,11	1,6751
31450	298	10,3562	5,6971	177,34	1,6804
31875	300	10,3696	5,7038	178,54	1,6803
32000	300	10,3735	5,7038	178,89	1,6771
32130	301	10,3775	5,7071	179,25	1,6792
32300	302	10,3828	5,7104	179,72	1,6804
32500	303	10,3890	5,7137	180,28	1,6807
32550	303	10,3905	5,7137	180,42	1,6795
33150	306	10,4088	5,7236	182,07	1,6807
33235	307	10,4114	5,7268	182,30	1,6840
33507	308	10,4195	5,7301	183,05	1,6826
33830	310	10,4291	5,7366	183,93	1,6854
34000	311	10,4341	5,7398	184,39	1,6866
34500	313	10,4487	5,7462	185,74	1,6851
34845	315	10,4587	5,7526	186,67	1,6875
35000	316	10,4631	5,7557	187,08	1,6891
36000	321	10,4913	5,7714	189,74	1,6918
36550	323	10,5064	5,7777	191,18	1,6895
37000	325	10,5187	5,7838	192,35	1,6896
37191	326	10,5238	5,7869	192,85	1,6904
37400	327	10,5294	5,7900	193,39	1,6909
37500	328	10,5321	5,7930	193,65	1,6938
37800	329	10,5401	5,7961	194,42	1,6922
38000	330	10,5453	5,7991	194,94	1,6929
38208	331	10,5508	5,8021	195,47	1,6934
38250	331	10,5519	5,8021	195,58	1,6924
39000	335	10,5713	5,8141	197,48	1,6963
39100	336	10,5739	5,8171	197,74	1,6992
39420	337	10,5820	5,8201	198,54	1,6974
39650	338	10,5878	5,8230	199,12	1,6974
39780	339	10,5911	5,8260	199,45	1,6997
39800	339	10,5916	5,8260	199,50	1,6993
40000	340	10,5966	5,8289	200,00	1,7000
40524	342	10,6096	5,8348	201,31	1,6989
40994	344	10,6212	5,8406	202,47	1,6990
41586	347	10,6355	5,8493	203,93	1,7016
42424	351	10,6555	5,8608	205,97	1,7041
42500	351	10,6573	5,8608	206,16	1,7026
42542	351	10,6582	5,8608	206,26	1,7018
43000	354	10,6690	5,8693	207,36	1,7071
43095	354	10,6712	5,8693	207,59	1,7053
43350	355	10,6771	5,8721	208,21	1,7050
43754	357	10,6863	5,8777	209,17	1,7067
44000	358	10,6919	5,8805	209,76	1,7067
44200	359	10,6965	5,8833	210,24	1,7076
44433	360	10,7017	5,8861	210,79	1,7078
44625	361	10,7060	5,8889	211,25	1,7089
44880	362	10,7117	5,8916	211,85	1,7088
44950	362	10,7133	5,8916	212,01	1,7074
45000	362	10,7144	5,8916	212,13	1,7065
45148	363	10,7177	5,8944	212,48	1,7084
45687	365	10,7296	5,8999	213,75	1,7076
45904	366	10,7343	5,9026	214,25	1,7083
45992	367	10,7362	5,9054	214,46	1,7113
46262	368	10,7421	5,9081	215,09	1,7109
46647	370	10,7504	5,9135	215,98	1,7131
46800	370	10,7536	5,9135	216,33	1,7103
47675	374	10,7722	5,9243	218,35	1,7129
48807	379	10,7956	5,9375	220,92	1,7155
48925	380	10,7980	5,9402	221,19	1,7180
49300	381	10,8057	5,9428	222,04	1,7159
49342	381	10,8065	5,9428	222,13	1,7152
49725	383	10,8143	5,9480	222,99	1,7176
49911	384	10,8180	5,9506	223,41	1,7188
49972	384	10,8192	5,9506	223,54	1,7178
50000	384	10,8198	5,9506	223,61	1,7173
50050	384	10,8208	5,9506	223,72	1,7164
50184	385	10,8235	5,9532	224,02	1,7186
50528	386	10,8303	5,9558	224,78	1,7172
50700	387	10,8337	5,9584	225,17	1,7187
51000	388	10,8396	5,9610	225,83	1,7181
51566	391	10,8506	5,9687	227,08	1,7218
52000	392	10,8590	5,9713	228,04	1,7190
52274	394	10,8643	5,9764	228,64	1,7233
52500	395	10,8686	5,9789	229,13	1,7239
52603	395	10,8705	5,9789	229,35	1,7222
52700	395	10,8724	5,9789	229,56	1,7206
52800	396	10,8743	5,9814	229,78	1,7234
53115	397	10,8802	5,9839	230,47	1,7226
53125	397	10,8804	5,9839	230,49	1,7224
53749	400	10,8921	5,9915	231,84	1,7253
54005	401	10,8968	5,9940	232,39	1,7255
54108	401	10,8987	5,9940	232,61	1,7239
54426	402	10,9046	5,9965	233,29	1,7231
54845	404	10,9123	6,0014	234,19	1,7251
55250	406	10,9196	6,0064	235,05	1,7273
55411	406	10,9225	6,0064	235,40	1,7248
55662	407	10,9271	6,0088	235,93	1,7251
56189	410	10,9365	6,0162	237,04	1,7296
56514	411	10,9422	6,0186	237,73	1,7289
56521	411	10,9424	6,0186	237,74	1,7288
57420	414	10,9581	6,0259	239,62	1,7277
58000	417	10,9682	6,0331	240,83	1,7315
58049	417	10,9690	6,0331	240,93	1,7308
58416	418	10,9753	6,0355	241,69	1,7295
58500	419	10,9768	6,0379	241,87	1,7324
58578	419	10,9781	6,0379	242,03	1,7312
58790	420	10,9817	6,0403	242,47	1,7322
58902	420	10,9836	6,0403	242,70	1,7306
59040	421	10,9860	6,0426	242,98	1,7326
59445	422	10,9928	6,0450	243,81	1,7308
59500	423	10,9937	6,0474	243,93	1,7341
60000	425	11,0021	6,0521	244,95	1,7351
60634	427	11,0126	6,0568	246,24	1,7341
60666	427	11,0131	6,0568	246,30	1,7336
61886	432	11,0330	6,0684	248,77	1,7366
62000	432	11,0349	6,0684	249,00	1,7350
62120	433	11,0368	6,0707	249,24	1,7373
62500	434	11,0429	6,0730	250,00	1,7360
63452	438	11,0580	6,0822	251,90	1,7388
64316	441	11,0716	6,0890	253,61	1,7389
64523	442	11,0748	6,0913	254,01	1,7401
65000	444	11,0821	6,0958	254,95	1,7415
65189	444	11,0850	6,0958	255,32	1,7390
65485	446	11,0896	6,1003	255,90	1,7429
66105	448	11,0990	6,1048	257,11	1,7425
66487	449	11,1048	6,1070	257,85	1,7413
66495	449	11,1049	6,1070	257,87	1,7412
68000	455	11,1273	6,1203	260,77	1,7448
68725	458	11,1379	6,1269	262,15	1,7471
68915	458	11,1406	6,1269	262,52	1,7447
69296	460	11,1461	6,1312	263,24	1,7474
70000	462	11,1563	6,1356	264,58	1,7462
71334	467	11,1751	6,1463	267,08	1,7485
73082	473	11,1993	6,1591	270,34	1,7497
74588	479	11,2197	6,1717	273,11	1,7539
74650	479	11,2206	6,1717	273,22	1,7532
74800	479	11,2226	6,1717	273,50	1,7514
75603	482	11,2333	6,1779	274,96	1,7530
75666	482	11,2341	6,1779	275,07	1,7523
76139	484	11,2403	6,1821	275,93	1,7540
76500	485	11,2450	6,1841	276,59	1,7535
77350	488	11,2561	6,1903	278,12	1,7546
80000	497	11,2898	6,2086	282,84	1,7572
85000	514	11,3504	6,2422	291,55	1,7630
87750	523	11,3822	6,2596	296,23	1,7655
88000	524	11,3851	6,2615	296,65	1,7664
88945	527	11,3958	6,2672	298,24	1,7671
89575	529	11,4028	6,2710	299,29	1,7675
90000	531	11,4076	6,2748	300,00	1,7700
90509	532	11,4132	6,2766	300,85	1,7683
91000	534	11,4186	6,2804	301,66	1,7702
95469	548	11,4666	6,3063	308,98	1,7736
97500	555	11,4876	6,3190	312,25	1,7774
97750	555	11,4902	6,3190	312,65	1,7751
99450	561	11,5074	6,3297	315,36	1,7789
100000	562	11,5129	6,3315	316,23	1,7772
102000	568	11,5327	6,3421	319,37	1,7785
106481	582	11,5757	6,3665	326,31	1,7836
106749	583	11,5782	6,3682	326,72	1,7844
106916	583	11,5798	6,3682	326,98	1,7830
107335	585	11,5837	6,3716	327,62	1,7856
109178	590	11,6007	6,3801	330,42	1,7856
109364	591	11,6024	6,3818	330,70	1,7871
110500	594	11,6128	6,3869	332,42	1,7869
110775	595	11,6153	6,3886	332,83	1,7877
112316	599	11,6291	6,3953	335,14	1,7873
114750	607	11,6505	6,4085	338,75	1,7919
115000	607	11,6527	6,4085	339,12	1,7899
116025	610	11,6616	6,4135	340,62	1,7908
117000	613	11,6699	6,4184	342,05	1,7921
119000	619	11,6869	6,4281	344,96	1,7944
120000	622	11,6952	6,4329	346,41	1,7956
124312	634	11,7305	6,4520	352,58	1,7982
125587	637	11,7408	6,4568	354,38	1,7975
125783	638	11,7423	6,4583	354,66	1,7989
126277	639	11,7462	6,4599	355,35	1,7982
127500	643	11,7559	6,4661	357,07	1,8008
128445	645	11,7633	6,4693	358,39	1,7997
128663	646	11,7650	6,4708	358,70	1,8010
130000	650	11,7753	6,4770	360,56	1,8028
130324	651	11,7778	6,4785	361,00	1,8033
131155	653	11,7841	6,4816	362,15	1,8031
135000	663	11,8130	6,4968	367,42	1,8045
135132	664	11,8140	6,4983	367,60	1,8063
136500	667	11,8241	6,5028	369,46	1,8053
140000	677	11,8494	6,5177	374,17	1,8094
143786	687	11,8761	6,5323	379,19	1,8118
146250	693	11,8931	6,5410	382,43	1,8121
148750	700	11,9100	6,5511	385,68	1,8150
149175	701	11,9129	6,5525	386,23	1,8150
150000	703	11,9184	6,5554	387,30	1,8151
150025	703	11,9186	6,5554	387,33	1,8150
153000	711	11,9382	6,5667	391,15	1,8177
154300	714	11,9467	6,5709	392,81	1,8177
156655	720	11,9618	6,5793	395,80	1,8191
161500	732	11,9923	6,5958	401,87	1,8215
165750	743	12,0182	6,6107	407,12	1,8250
169160	751	12,0386	6,6214	411,29	1,8260
170000	753	12,0436	6,6241	412,31	1,8263
175000	765	12,0725	6,6399	418,33	1,8287
175500	766	12,0754	6,6412	418,93	1,8285
176500	769	12,0811	6,6451	420,12	1,8304
180000	777	12,1007	6,6554	424,26	1,8314
184300	787	12,1243	6,6682	429,30	1,8332
190000	800	12,1548	6,6846	435,89	1,8353
191250	803	12,1613	6,6884	437,32	1,8362
195000	812	12,1808	6,6995	441,59	1,8388
195500	813	12,1833	6,7007	442,15	1,8387
198900	821	12,2006	6,7105	445,98	1,8409
200000	823	12,2061	6,7130	447,21	1,8403
214200	855	12,2747	6,7511	462,82	1,8474
225000	878	12,3239	6,7776	474,34	1,8510
228199	885	12,3380	6,7856	477,70	1,8526
230000	889	12,3458	6,7901	479,58	1,8537
234000	898	12,3631	6,8002	483,74	1,8564
248625	928	12,4237	6,8330	498,62	1,8611
248630	928	12,4237	6,8330	498,63	1,8611
252000	935	12,4372	6,8405	502,00	1,8626
255000	941	12,4490	6,8469	504,98	1,8635
261800	955	12,4753	6,8617	511,66	1,8665
268469	968	12,5005	6,8752	518,14	1,8682
276250	983	12,5291	6,8906	525,59	1,8703
292500	1015	12,5862	6,9226	540,83	1,8767
292506	1015	12,5862	6,9226	540,84	1,8767
297500	1024	12,6032	6,9315	545,44	1,8774
298243	1026	12,6057	6,9334	546,12	1,8787
298350	1026	12,6060	6,9334	546,21	1,8784
300000	1029	12,6115	6,9363	547,72	1,8787
306000	1040	12,6313	6,9470	553,17	1,8801
308000	1044	12,6379	6,9508	554,98	1,8812
325000	1075	12,6916	6,9801	570,09	1,8857
333200	1090	12,7165	6,9939	577,23	1,8883
340000	1102	12,7367	7,0049	583,10	1,8899
350000	1120	12,7657	7,0211	591,61	1,8931
350874	1122	12,7682	7,0229	592,35	1,8942
351000	1122	12,7685	7,0229	592,45	1,8938
360000	1138	12,7939	7,0370	600,00	1,8967
382500	1176	12,8545	7,0699	618,47	1,9015
392000	1192	12,8790	7,0834	626,10	1,9039
400000	1205	12,8992	7,0942	632,46	1,9053
421200	1240	12,9509	7,1229	649,00	1,9106
425000	1246	12,9598	7,1277	651,92	1,9113
446250	1280	13,0086	7,1546	668,02	1,9161
450000	1286	13,0170	7,1593	670,82	1,9171
459282	1301	13,0374	7,1709	677,70	1,9197
467500	1313	13,0552	7,1801	683,74	1,9203
468000	1314	13,0562	7,1808	684,11	1,9208
491300	1350	13,1048	7,2079	700,93	1,9260
497267	1359	13,1169	7,2145	705,17	1,9272
500000	1363	13,1224	7,2174	707,11	1,9276
510000	1378	13,1422	7,2284	714,14	1,9296
525000	1400	13,1712	7,2442	724,57	1,9322
534140	1413	13,1884	7,2535	730,85	1,9334
540332	1422	13,1999	7,2598	735,07	1,9345
550000	1436	13,2177	7,2696	741,62	1,9363
569007	1463	13,2516	7,2882	754,33	1,9395
578000	1476	13,2673	7,2971	760,26	1,9414
585020	1486	13,2794	7,3038	764,87	1,9428
595000	1500	13,2963	7,3132	771,36	1,9446
600000	1507	13,3047	7,3179	774,60	1,9455
628400	1545	13,3509	7,3428	792,72	1,9490
637857	1558	13,3659	7,3512	798,66	1,9508
669420	1600	13,4142	7,3778	818,18	1,9556
696150	1635	13,4533	7,3994	834,36	1,9596
700000	1640	13,4588	7,4025	836,66	1,9602
714000	1658	13,4786	7,4134	844,99	1,9622
743750	1695	13,5195	7,4354	862,41	1,9654
744064	1696	13,5199	7,4360	862,59	1,9662
750420	1704	13,5284	7,4407	866,27	1,9671
765000	1722	13,5476	7,4512	874,64	1,9688
800000	1765	13,5924	7,4759	894,43	1,9733
819000	1788	13,6158	7,4889	904,99	1,9757
828750	1799	13,6277	7,4950	910,36	1,9761
840000	1813	13,6412	7,5027	916,52	1,9781
850000	1825	13,6530	7,5093	921,95	1,9795
875000	1854	13,6820	7,5251	935,41	1,9820
875369	1854	13,6824	7,5251	935,61	1,9816
892500	1874	13,7018	7,5358	944,72	1,9837
900000	1883	13,7102	7,5406	948,68	1,9849
975000	1968	13,7902	7,5848	987,42	1,9931
1000000	1995	13,8155	7,5984	1000,00	1,9950
1011670	2008	13,8271	7,6049	1005,82	1,9964
1050000	2050	13,8643	7,6256	1024,70	2,0006
1057577	2058	13,8715	7,6295	1028,39	2,0012
1105000	2108	13,9154	7,6535	1051,19	2,0053
1190200	2196	13,9896	7,6944	1090,96	2,0129
1200000	2206	13,9978	7,6989	1095,45	2,0138
1243125	2249	14,0331	7,7182	1114,96	2,0171
1244208	2250	14,0340	7,7187	1115,44	2,0171
1275000	2281	14,0585	7,7324	1129,16	2,0201
1300000	2305	14,0779	7,7428	1140,18	2,0216
1345609	2349	14,1124	7,7617	1160,00	2,0250
1404000	2405	14,1548	7,7853	1184,91	2,0297
1462500	2459	14,1957	7,8075	1209,34	2,0333
1487500	2482	14,2126	7,8168	1219,63	2,0350
1491750	2486	14,2155	7,8184	1221,37	2,0354
1493424	2488	14,2166	7,8192	1222,06	2,0359
1500000	2494	14,2210	7,8216	1224,74	2,0363
1583069	2569	14,2749	7,8513	1258,20	2,0418
1700000	2671	14,3461	7,8902	1303,84	2,0486
1740375	2706	14,3696	7,9032	1319,23	2,0512
1750000	2714	14,3751	7,9062	1322,88	2,0516
1755000	2719	14,3780	7,9080	1324,76	2,0524
1756969	2720	14,3791	7,9084	1325,51	2,0520
1907740	2846	14,4614	7,9537	1381,21	2,0605
1989000	2912	14,5031	7,9766	1410,32	2,0648
2000000	2921	14,5087	7,9797	1414,21	2,0655
2047500	2959	14,5321	7,9926	1430,91	2,0679
2088450	2992	14,5519	8,0037	1445,15	2,0704
2166460	3053	14,5886	8,0239	1471,89	2,0742
2210000	3086	14,6085	8,0346	1486,61	2,0759
2244400	3112	14,6239	8,0430	1498,13	2,0773
2340000	3185	14,6657	8,0662	1529,71	2,0821
2359260	3199	14,6739	8,0706	1535,99	2,0827
2457000	3271	14,7145	8,0929	1567,48	2,0868
2486250	3293	14,7263	8,0996	1576,78	2,0884
2548776	3338	14,7511	8,1131	1596,49	2,0908
2549150	3338	14,7513	8,1131	1596,61	2,0907
2600000	3375	14,7710	8,1242	1612,45	2,0931
2624375	3392	14,7804	8,1292	1619,99	2,0938
2775600	3498	14,8364	8,1599	1666,01	2,0996
2925000	3601	14,8888	8,1890	1710,26	2,1055
2975000	3634	14,9058	8,1981	1724,82	2,1069
2983500	3640	14,9086	8,1997	1727,28	2,1074
2999000	3650	14,9138	8,2025	1731,76	2,1077
3087500	3709	14,9429	8,2185	1757,13	2,1108
3176875	3768	14,9714	8,2343	1782,38	2,1140
3480750	3962	15,0628	8,2845	1865,68	2,1236
3500000	3974	15,0683	8,2875	1870,83	2,1242
3510000	3980	15,0711	8,2890	1873,50	2,1244
3638000	4060	15,1069	8,3089	1907,35	2,1286
3729375	4115	15,1318	8,3224	1931,16	2,1308
3737500	4120	15,1339	8,3236	1933,26	2,1311
4095000	4333	15,2253	8,3740	2023,61	2,1412
4280000	4439	15,2695	8,3982	2068,82	2,1457
4387500	4500	15,2943	8,4118	2094,64	2,1483
4475250	4549	15,3141	8,4227	2115,48	2,1503
4500000	4563	15,3196	8,4257	2121,32	2,1510
4680000	4663	15,3588	8,4474	2163,33	2,1555
4972500	4821	15,4194	8,4807	2229,91	2,1620
5265000	4975	15,4766	8,5122	2294,56	2,1682
5850000	5272	15,5820	8,5702	2418,68	2,1797
5967000	5329	15,6018	8,5809	2442,74	2,1816
6630000	5647	15,7071	8,6389	2574,88	2,1931
7020000	5828	15,7643	8,6704	2649,53	2,1996
7444841	6019	15,8230	8,7027	2728,52	2,2060
7800000	6175	15,8696	8,7283	2792,85	2,2110
8358900	6415	15,9388	8,7664	2891,18	2,2188
8758637	6582	15,9856	8,7921	2959,50	2,2240
9834000	7015	16,1014	8,8558	3135,92	2,2370
9859613	7025	16,1040	8,8572	3140,00	2,2373
11364647	7595	16,2460	8,9352	3371,15	2,2529
13016087	8184	16,3817	9,0099	3607,78	2,2684
13374750	8307	16,4089	9,0249	3657,15	2,2714
13547893	8366	16,4217	9,0319	3680,75	2,2729
13731287	8428	16,4352	9,0393	3705,58	2,2744
13751300	8435	16,4366	9,0401	3708,27	2,2746
13819107	8458	16,4416	9,0429	3717,41	2,2752
14835600	8795	16,5125	9,0819	3851,70	2,2834
15735000	9084	16,5714	9,1143	3966,74	2,2900
15783140	9099	16,5745	9,1159	3972,80	2,2903
16178000	9224	16,5992	9,1296	4022,19	2,2933
16453820	9310	16,6161	9,1388	4056,33	2,2952
16547327	9339	16,6217	9,1420	4067,84	2,2958
16628040	9364	16,6266	9,1446	4077,75	2,2964
17053987	9495	16,6519	9,1585	4129,65	2,2992
17850000	9736	16,6975	9,1836	4224,93	2,3044
18568400	9950	16,7370	9,2053	4309,11	2,3091
19324750	10171	16,7769	9,2273	4395,99	2,3137
19562400	10240	16,7891	9,2341	4422,94	2,3152
20944000	10631	16,8574	9,2715	4576,46	2,3230
21000000	10647	16,8600	9,2730	4582,58	2,3234
21296793	10729	16,8741	9,2807	4614,84	2,3249
22735000	11122	16,9394	9,3167	4768,12	2,3326
23574750	11346	16,9757	9,3366	4855,38	2,3368
24141200	11495	16,9994	9,3497	4913,37	2,3395
24640000	11625	17,0199	9,3609	4963,87	2,3419
24684800	11637	17,0217	9,3619	4968,38	2,3422
26217300	12029	17,0819	9,3951	5120,28	2,3493
26969240	12217	17,1102	9,4106	5193,19	2,3525
27317500	12304	17,1230	9,4177	5226,61	2,3541
27619493	12379	17,1340	9,4238	5255,43	2,3555
27735000	12407	17,1382	9,4260	5266,40	2,3559
29120607	12744	17,1870	9,4528	5396,35	2,3616
35057133	14113	17,3725	9,5549	5920,91	2,3836
36985053	14535	17,4260	9,5843	6081,53	2,3900
37404600	14625	17,4373	9,5905	6115,93	2,3913
37942640	14741	17,4516	9,5984	6159,76	2,3931
38222840	14801	17,4589	9,6025	6182,46	2,3940
39619280	15096	17,4948	9,6222	6294,38	2,3983
39647113	15101	17,4955	9,6225	6296,60	2,3983
41230173	15430	17,5347	9,6441	6421,07	2,4030
41235513	15431	17,5348	9,6441	6421,49	2,4030
47915713	16760	17,6850	9,7268	6922,12	2,4212
48901133	16948	17,7053	9,7379	6992,93	2,4236
48944493	16957	17,7062	9,7384	6996,03	2,4238
49360380	17036	17,7147	9,7431	7025,69	2,4248
49985880	17154	17,7273	9,7500	7070,07	2,4263
51738120	17482	17,7617	9,7689	7192,92	2,4304
52215667	17571	17,7709	9,7740	7226,04	2,4316
53450447	17798	17,7943	9,7868	7310,98	2,4344
54178013	17931	17,8078	9,7943	7360,57	2,4361
55346787	18143	17,8291	9,8060	7439,54	2,4387
57992733	18615	17,8758	9,8317	7615,30	2,4444
58151153	18643	17,8786	9,8332	7625,69	2,4448
58555733	18714	17,8855	9,8370	7652,17	2,4456
65450180	19895	17,9968	9,8982	8090,13	2,4592
65695467	19936	18,0005	9,9003	8105,27	2,4596
66065040	19998	18,0062	9,9034	8128,04	2,4604
68000000	20318	18,0350	9,9193	8246,21	2,4639
69539120	20570	18,0574	9,9316	8339,01	2,4667
71076500	20818	18,0793	9,9436	8430,69	2,4693
72222093	21002	18,0953	9,9524	8498,36	2,4713
72246360	21006	18,0956	9,9526	8499,79	2,4714
75346040	21497	18,1376	9,9757	8680,21	2,4766
76765560	21719	18,1563	9,9859	8761,60	2,4789
77748540	21872	18,1690	9,9930	8817,51	2,4805
78088987	21924	18,1734	9,9953	8836,80	2,4810
78312313	21959	18,1762	9,9969	8849,42	2,4814
80000000	22218	18,1975	10,0087	8944,27	2,4840
425000000	55669	19,8676	10,9272	20615,53	2,7003
500000000	60874	20,0301	11,0166	22360,68	2,7224
